1004
1014
1019
1022
1031
1045
1046
1051
1054
1056
1063
1068
1078
1087
1101
1110
1119
1121
1122
1127
1130
1132
1165
1193
1195
1196
1197
1203
1216
1219
1221
1222
1226
1234
1240
1243
1248
1250
1251
1259
1262
1270
1279
1281
1294
1297
1315
1324
1326
1329
1334
1337
1338
1340
1341
1366
1368
1404
1414
1417
1418
1419
1420
1472
1479
1480
1492
1496
1510
1514
1522
1535
1543
1545
1558
1567
1569
1582
1584
1588
1596
1597
1602
1614
1615
1621
1623
1633
1641
1660
1667
1672
1682
1716
1726
1730
1731
1741
1743
1754
1760
1763
1767
1768
1771
1775
1785
1791
1799
1804
1811
1815
1827
1829
1848
1891
1892
1947
1958
1961